index	no	github account	w7
1	40923219	nfu40923219	缺
2	41023103	ro731	
3	41023105	41023105	late
4	41023109	Yu-Fang-Hong	缺
5	41123155	41123155	
6	41223101	yan41223101	late
7	41223102		
8	41223103	CYG41223103	
9	41223104	41223104	late
10	41223105	41223105	
11	41223106	CYA41223106	late
12	41223107	Lin41223107	缺
13	41223110	41223110	
14	41223111	FGH41223111	
15	41223112	WSE41223112	
16	41223113	41223113	
17	41223114	kim41223114	
18	41223116	41223116	
19	41223117	Manto8	缺
20	41223118	zhe41223118	
21	41223119	41223119	缺
22	41223120	41223120	缺
23	41223121	yan21ed	缺
24	41223122	Spirit0224	
25	41223123	G8People	
26	41223124		缺
27	41223125	Linjiahong41223125	
28	41223126	Ren911308	缺
29	41223129	Hong41223129	
30	41223130	joeisme1208	
31	41223131	yuhao-08	
32	41223132	CHN41223132	
33	41223133	41223133	
34	41223134	41223134	
35	41223136	41223136	
36	41223137	41223137	缺
37	41223138		假
38	41223140	41223140	假
39	41223141	41223141	
40	41223142		缺
41	41223143	41223143	缺
42	41223144	41223144	缺
43	41223145	LYY41223145	缺
44	41223146	41223146	缺
45	41223147	41223147	
46	41223148		缺
47	41223149	otakuyoyo	缺
48	41223150	41223150	缺
49	41223152	41223152	
50	41223153	41223153	缺
51	41223154	41223154	
52	41223156		缺
53	41223157	41223157	
54	41223158	41223158	
55	41271125	41271125	late
56	41271146	41271146	
57	41271158	41271158	